         1          1          9
         1          1        961
         1          1       1039
         1          1       1239
         1          1       1765
         1          1       2463
         1          1       2573
         1          1       2908
         1          1       3656
         1          1       3882
         2          2        202
         2          2       1239
         2          2       2463
         2          2       3543
         3          3          9
         3          3        753
         3          3       1002
         3          3       1691
         3          3       1765
         3          3       2268
         3          3       2271
         3          3       3656
         4          4       1039
         4          4       2463
         4          4       2573
         4          4       2908
         4          4       3882
         5          5          9
         5          5         91
         5          5        753
         5          5        961
         5          5       1002
         5          5       1691
         5          5       1765
         5          5       2009
         5          5       2268
         5          5       2271
         5          5       2401
         5          5       2541
         5          5       2593
         5          5       2930
         5          5       3656
         6          6        202
         6          6        753
         6          6       1002
         6          6       1239
         6          6       1691
         6          6       2268
         6          6       2463
         6          6       2593
         6          6       3543
         7          7          9
         7          7        961
         7          7       1765
         7          7       2271
         7          7       3656
         8          8        202
         8          8        753
         8          8       1002
         8          8       1239
         8          8       1691
         8          8       2268
         8          8       2463
         8          8       2593
         8          8       3543
         9          9          9
         9          9        202
         9          9        961
         9          9       1239
         9          9       1765
         9          9       2271
         9          9       2463
         9          9       3543
         9          9       3656
        10         10         91
        10         10       2268
        10         10       2401
        10         10       2541
        10         10       2930
        10         10       3543
        11         11       1039
        11         11       1239
        11         11       2463
        11         11       2573
        11         11       2908
        11         11       3882
        12         12          9
        12         12        961
        12         12       1765
        12         12       2271
        12         12       3656
        13         13        202
        13         13        753
        13         13        961
        13         13       1002
        13         13       1239
        13         13       1691
        13         13       1765
        13         13       2268
        13         13       2271
        13         13       2463
        13         13       2593
        13         13       3543
        13         13       3656
        14         14          9
        14         14        961
        14         14       1765
        14         14       2271
        14         14       3656
        15         15        202
        15         15       1239
        15         15       2463
        15         15       3543
        16         16        480
        16         16        851
        16         16       1753
        16         16       1799
        16         16       1858
        16         16       1905
        16         16       1952
        16         16       2554
        16         16       2573
        16         16       3777
        16         16       3993
        17         17        202
        17         17        851
        17         17       1039
        17         17       1239
        17         17       1858
        17         17       2009
        17         17       2463
        17         17       2573
        17         17       3543
        17         17       3993
        18         18        753
        18         18        851
        18         18       1002
        18         18       1691
        18         18       1753
        18         18       1858
        18         18       1905
        18         18       2268
        18         18       2554
        18         18       2573
        18         18       2593
        18         18       3777
        18         18       3993
        19         19          9
        19         19       1765
        19         19       2009
        19         19       2271
        19         19       2320
        19         19       3656
        20         20       1039
        20         20       1239
        20         20       1691
        20         20       2268
        20         20       2463
        20         20       2573
        20         20       2593
        20         20       2908
        20         20       3882
        21         21          9
        21         21        753
        21         21        961
        21         21       1002
        21         21       1691
        21         21       1765
        21         21       2268
        21         21       2271
        21         21       2593
        21         21       3656
        22         22          9
        22         22        202
        22         22        961
        22         22       1239
        22         22       1765
        22         22       2271
        22         22       2463
        22         22       3543
        22         22       3656
        23         23          9
        23         23        961
        23         23       1765
        23         23       2271
        23         23       3656
        24         24        851
        24         24       1753
        24         24       1905
        24         24       2554
        24         24       2573
        24         24       3993
        25         25          9
        25         25        961
        25         25       1765
        25         25       2271
        25         25       3656
        26         26        753
        26         26        851
        26         26       1002
        26         26       1691
        26         26       1858
        26         26       1905
        26         26       2268
        26         26       2554
        26         26       2573
        26         26       2593
        26         26       3777
        26         26       3993
        27         27       1239
        27         27       1557
        27         27       2463
        27         27       2826
        27         27       3543
        27         27       3821
        28         28          9
        28         28        851
        28         28        961
        28         28       1753
        28         28       1765
        28         28       1858
        28         28       1905
        28         28       2271
        28         28       2554
        28         28       2573
        28         28       3656
        28         28       3993
        29         29          9
        29         29        961
        29         29       1039
        29         29       1239
        29         29       1765
        29         29       2271
        29         29       2573
        29         29       2908
        29         29       3656
        29         29       3882
        30         30          9
        30         30        851
        30         30        961
        30         30       1039
        30         30       1765
        30         30       1858
        30         30       2271
        30         30       2573
        30         30       3656
        30         30       3993
        31         31        480
        31         31        851
        31         31       1753
        31         31       1799
        31         31       1858
        31         31       1905
        31         31       1952
        31         31       2079
        31         31       2554
        31         31       2573
        31         31       3993
        32         32          9
        32         32        202
        32         32        961
        32         32       1239
        32         32       1765
        32         32       2271
        32         32       2463
        32         32       3656
        33         33          9
        33         33        961
        33         33       1765
        33         33       1858
        33         33       1905
        33         33       2271
        33         33       2554
        33         33       2573
        33         33       3656
        33         33       3777
        33         33       3993
        34         34          9
        34         34        961
        34         34       1765
        34         34       2271
        34         34       3656
        35         35          9
        35         35        961
        35         35       1239
        35         35       1765
        35         35       2271
        35         35       2463
        35         35       2573
        35         35       2908
        35         35       3656
        35         35       3882
        36         36        753
        36         36       1002
        36         36       1691
        36         36       2268
        36         36       2593
        37         37          9
        37         37        961
        37         37       1037
        37         37       1765
        37         37       2009
        37         37       2271
        37         37       2320
        37         37       3656
        38         38          9
        38         38        480
        38         38        961
        38         38       1765
        38         38       1799
        38         38       1952
        38         38       2079
        38         38       2271
        38         38       3656
        39         39          9
        39         39        753
        39         39       1765
        39         39       2268
        39         39       2271
        39         39       2593
        39         39       3656
        40         40          9
        40         40        753
        40         40        961
        40         40       1002
        40         40       1691
        40         40       1765
        40         40       2268
        40         40       2593
        40         40       3656
        41         41        480
        41         41       1799
        41         41       1952
        42         42          9
        42         42        961
        42         42       1765
        42         42       2271
        42         42       3656
        43         43        851
        43         43       1753
        43         43       1858
        43         43       1905
        43         43       2554
        43         43       2573
        43         43       3777
        43         43       3993
        44         44          9
        44         44        961
        44         44       1765
        44         44       2271
        44         44       3656
        45         45          9
        45         45        961
        45         45       1039
        45         45       1239
        45         45       1765
        45         45       2271
        45         45       2463
        45         45       2573
        45         45       2908
        45         45       3656
        45         45       3882
        46         46          9
        46         46        961
        46         46       1765
        46         46       2009
        46         46       2271
        46         46       3656
        47         47          9
        47         47        961
        47         47       1765
        47         47       2271
        47         47       3656
        48         48        480
        48         48       1039
        48         48       1239
        48         48       1799
        48         48       1952
        48         48       2079
        48         48       2463
        48         48       2908
        48         48       3882
        49         49         91
        49         49       2268
        49         49       2401
        49         49       2541
        49         49       2930
        50         50        851
        50         50       1753
        50         50       1858
        50         50       1905
        50         50       2554
        50         50       2573
        50         50       3777
        50         50       3993
        51         51          9
        51         51        961
        51         51       1765
        51         51       2271
        51         51       3656
        52         52        202
        52         52       2463
        52         52       3543
        53         53          9
        53         53        961
        53         53       1039
        53         53       1239
        53         53       1765
        53         53       2271
        53         53       2463
        53         53       2573
        53         53       2908
        53         53       3656
        53         53       3882
        54         54          9
        54         54        753
        54         54        961
        54         54       1002
        54         54       1691
        54         54       1765
        54         54       2009
        54         54       2268
        54         54       2271
        54         54       2593
        54         54       3656
        55         55        851
        55         55       1753
        55         55       1858
        55         55       1905
        55         55       2554
        55         55       2573
        55         55       3777
        55         55       3993
        56         56          9
        56         56        851
        56         56        961
        56         56       1753
        56         56       1858
        56         56       1905
        56         56       2271
        56         56       2554
        56         56       2573
        56         56       3656
        56         56       3777
        56         56       3993
        57         57          9
        57         57        961
        57         57       1039
        57         57       1239
        57         57       1765
        57         57       2271
        57         57       2463
        57         57       2573
        57         57       2908
        57         57       3656
        57         57       3882
        58         58          9
        58         58        961
        58         58       1765
        58         58       3656
        59         59          9
        59         59        753
        59         59        961
        59         59       1002
        59         59       1691
        59         59       1765
        59         59       2268
        59         59       2271
        59         59       2593
        59         59       3656
        60         60          9
        60         60        961
        60         60       1765
        60         60       2009
        60         60       2271
        60         60       3656
        61         61        753
        61         61       2593
        62         62       1039
        62         62       1239
        62         62       1557
        62         62       2463
        62         62       2573
        62         62       2826
        62         62       2908
        62         62       3543
        62         62       3821
        62         62       3882
        63         63          9
        63         63        961
        63         63       1765
        63         63       2271
        64         64        202
        64         64       1239
        64         64       2463
        64         64       3543
        65         65        961
        65         65       2271
        65         65       3181
        65         65       3279
        65         65       3532
        66         66          9
        66         66        961
        66         66       1765
        66         66       2271
        66         66       3656
        67         67          9
        67         67        961
        67         67       1239
        67         67       1557
        67         67       1765
        67         67       2271
        67         67       2463
        67         67       2826
        67         67       3543
        67         67       3656
        67         67       3821
        68         68        202
        68         68       1239
        68         68       2463
        68         68       3543
        69         69          9
        69         69        961
        69         69       1765
        69         69       2271
        69         69       3656
        70         70          9
        70         70        202
        70         70        961
        70         70       1239
        70         70       1765
        70         70       2271
        70         70       2463
        70         70       3543
        70         70       3656
        71         71        480
        71         71        753
        71         71       1002
        71         71       1239
        71         71       1691
        71         71       1952
        71         71       2079
        71         71       2268
        71         71       2463
        71         71       2573
        71         71       2908
        71         71       3882
        72         72          9
        72         72        961
        72         72       1765
        72         72       2271
        72         72       3656
        73         73          9
        73         73        961
        73         73       1765
        73         73       2271
        73         73       3656
        74         74        202
        74         74        480
        74         74       1039
        74         74       1239
        74         74       1799
        74         74       1952
        74         74       2009
        74         74       2079
        74         74       2463
        74         74       2573
        74         74       2908
        74         74       3543
        74         74       3882
        75         75          9
        75         75        961
        75         75       1239
        75         75       1557
        75         75       1765
        75         75       2271
        75         75       2463
        75         75       2826
        75         75       3543
        75         75       3656
        75         75       3821
        76         76          9
        76         76        851
        76         76        961
        76         76       1753
        76         76       1765
        76         76       1858
        76         76       1905
        76         76       2271
        76         76       2554
        76         76       2573
        76         76       3656
        76         76       3777
        76         76       3993
        77         77          9
        77         77        202
        77         77        961
        77         77       1239
        77         77       1765
        77         77       2271
        77         77       2463
        77         77       3543
        77         77       3656
        78         78          9
        78         78        480
        78         78        961
        78         78       1765
        78         78       1799
        78         78       1952
        78         78       2079
        78         78       2271
        78         78       3656
        79         79          9
        79         79        961
        79         79       1765
        79         79       2271
        79         79       3656
        80         80          9
        80         80        202
        80         80        961
        80         80       1239
        80         80       1765
        80         80       2271
        80         80       3656
        81         81          9
        81         81        961
        81         81       1765
        81         81       2271
        81         81       3656
        82         82       1239
        82         82       2463
        82         82       3543
        83         83        851
        83         83       1002
        83         83       1691
        83         83       1753
        83         83       1858
        83         83       1905
        83         83       2268
        83         83       2554
        83         83       2573
        83         83       2593
        83         83       3777
        83         83       3993
        84         84          9
        84         84        753
        84         84        961
        84         84       1002
        84         84       1039
        84         84       1239
        84         84       1691
        84         84       1765
        84         84       2268
        84         84       2271
        84         84       2573
        84         84       2593
        84         84       2908
        84         84       3656
        85         85          9
        85         85        961
        85         85       1002
        85         85       1691
        85         85       1765
        85         85       2268
        85         85       2271
        85         85       2593
        86         86        202
        86         86       1239
        86         86       2463
        86         86       3543
        87         87        202
        87         87       1239
        87         87       2463
        87         87       3543
        88         88          9
        88         88        202
        88         88        961
        88         88       1239
        88         88       1765
        88         88       2009
        88         88       2271
        88         88       2463
        88         88       3543
        88         88       3656
        89         89        851
        89         89       1753
        89         89       1858
        89         89       1905
        89         89       2554
        89         89       2573
        89         89       3777
        89         89       3993
        90         90        851
        90         90       1753
        90         90       1858
        90         90       1905
        90         90       2009
        90         90       2554
        90         90       2573
        90         90       3777
        90         90       3993
        91         91       1039
        91         91       1239
        91         91       2463
        91         91       2573
        91         91       2908
        91         91       3882
        92         92          9
        92         92        753
        92         92        961
        92         92       1002
        92         92       1691
        92         92       1765
        92         92       2271
        92         92       2593
        92         92       3656
        93         93        753
        93         93        851
        93         93       1002
        93         93       1691
        93         93       1753
        93         93       1858
        93         93       1905
        93         93       2268
        93         93       2554
        93         93       2573
        93         93       2593
        93         93       3777
        93         93       3993
        94         94          9
        94         94        961
        94         94       1765
        94         94       2009
        94         94       2271
        94         94       3656
        95         95       1037
        95         95       1039
        95         95       1239
        95         95       2009
        95         95       2320
        95         95       2463
        95         95       2573
        95         95       2908
        95         95       3882
        96         96        202
        96         96        753
        96         96       1002
        96         96       1239
        96         96       1691
        96         96       2009
        96         96       2268
        96         96       2593
        96         96       3543
        97         97          9
        97         97        202
        97         97        961
        97         97       1239
        97         97       1765
        97         97       2271
        97         97       2463
        97         97       3543
        97         97       3656
        98         98       1039
        98         98       1239
        98         98       2009
        98         98       2463
        98         98       2573
        98         98       2908
        98         98       3882
        99         99          9
        99         99        961
        99         99       1765
        99         99       2271
        99         99       3656
       100        100          9
       100        100        480
       100        100        961
       100        100       1765
       100        100       1799
       100        100       1952
       100        100       2079
       100        100       2271
       100        100       3656
       101        101        202
       101        101        753
       101        101       1002
       101        101       1239
       101        101       2268
       101        101       2463
       101        101       2593
       101        101       3543
       102        102          9
       102        102        753
       102        102        961
       102        102       1002
       102        102       1691
       102        102       1765
       102        102       2268
       102        102       2271
       102        102       2593
       102        102       3656
       103        103          9
       103        103        753
       103        103        961
       103        103       1002
       103        103       1691
       103        103       1765
       103        103       2268
       103        103       2271
       103        103       2593
       103        103       3656
       104        104          9
       104        104         91
       104        104       1765
       104        104       2268
       104        104       2271
       104        104       2401
       104        104       2541
       104        104       2930
       104        104       3656
       105        105        202
       105        105       1239
       105        105       2009
       105        105       2463
       105        105       3543
       106        106          9
       106        106        753
       106        106        961
       106        106       1002
       106        106       1691
       106        106       1765
       106        106       2268
       106        106       2271
       106        106       2593
       106        106       3656
       107        107        753
       107        107       1002
       107        107       1691
       107        107       2268
       107        107       2593
       108        108          9
       108        108        202
       108        108        851
       108        108        961
       108        108       1239
       108        108       1753
       108        108       1765
       108        108       1858
       108        108       1905
       108        108       2271
       108        108       2463
       108        108       2554
       108        108       2573
       108        108       3543
       108        108       3656
       108        108       3777
       108        108       3993
       109        109          9
       109        109        961
       109        109       1765
       109        109       2271
       109        109       3656
       110        110        851
       110        110       1753
       110        110       1858
       110        110       1905
       110        110       2009
       110        110       2554
       110        110       2573
       110        110       3777
       110        110       3993
       111        111          9
       111        111        961
       111        111       1765
       111        111       2271
       111        111       3656
       112        112          9
       112        112        961
       112        112       1765
       112        112       2271
       112        112       3656
       113        113        851
       113        113       1039
       113        113       1239
       113        113       1753
       113        113       1858
       113        113       1905
       113        113       2463
       113        113       2554
       113        113       2573
       113        113       2908
       113        113       3777
       113        113       3882
       113        113       3993
       114        114          9
       114        114        961
       114        114       1765
       114        114       2009
       114        114       2271
       114        114       3656
       115        115       1039
       115        115       1239
       115        115       2463
       115        115       2573
       115        115       2908
       115        115       3882
       116        116          9
       116        116        753
       116        116        961
       116        116       1002
       116        116       1039
       116        116       1239
       116        116       1691
       116        116       1765
       116        116       2009
       116        116       2268
       116        116       2271
       116        116       2463
       116        116       2573
       116        116       2593
       116        116       2908
       116        116       3656
       116        116       3882
       117        117        202
       117        117       1239
       117        117       2463
       117        117       3543
       118        118        202
       118        118       1239
       118        118       2463
       118        118       3543
       119        119          9
       119        119        202
       119        119        961
       119        119       1239
       119        119       1765
       119        119       2271
       119        119       2463
       119        119       3656
       120        120       1039
       120        120       1239
       120        120       2463
       120        120       2573
       120        120       2908
       120        120       3882
       121        121          9
       121        121        961
       121        121       1765
       121        121       1799
       121        121       1952
       121        121       2079
       121        121       2271
       121        121       3656
       122        122          9
       122        122        202
       122        122        961
       122        122       1239
       122        122       1765
       122        122       2009
       122        122       2271
       122        122       2463
       122        122       3543
       122        122       3656
       123        123       1039
       123        123       1239
       123        123       2463
       123        123       3882
       124        124          9
       124        124        202
       124        124        961
       124        124       1239
       124        124       1765
       124        124       2271
       124        124       2463
       124        124       3543
       124        124       3656
       125        125          9
       125        125        961
       125        125       1765
       125        125       2271
       125        125       3279
       125        125       3532
       125        125       3656
       126        126          9
       126        126        851
       126        126        961
       126        126       1753
       126        126       1765
       126        126       1858
       126        126       1905
       126        126       2554
       126        126       2573
       126        126       3777
       126        126       3993
       127        127        202
       127        127       1039
       127        127       1239
       127        127       2463
       127        127       2573
       127        127       2908
       127        127       3543
       127        127       3882
       128        128        851
       128        128       1039
       128        128       1858
       128        128       2573
       128        128       3993
       129        129          9
       129        129        961
       129        129       1239
       129        129       1765
       129        129       2271
       129        129       2320
       129        129       2463
       129        129       3656
       130        130        851
       130        130       1039
       130        130       1858
       130        130       2009
       130        130       2573
       130        130       3993
       131        131        202
       131        131       2009
       131        131       2463
       132        132          9
       132        132        961
       132        132       1753
       132        132       1765
       132        132       1858
       132        132       2271
       132        132       2554
       132        132       2573
       132        132       3656
       132        132       3777
       132        132       3993
       133        133        851
       133        133       1753
       133        133       1858
       133        133       1905
       133        133       2554
       133        133       2573
       133        133       3777
       133        133       3993
       134        134          9
       134        134        961
       134        134       1765
       134        134       1858
       134        134       1905
       134        134       2271
       134        134       2554
       134        134       2573
       134        134       3656
       134        134       3777
       134        134       3993
       135        135        202
       135        135        480
       135        135       1239
       135        135       1799
       135        135       1952
       135        135       2009
       135        135       2079
       135        135       2463
       135        135       3543
       136        136          9
       136        136        753
       136        136        961
       136        136       1002
       136        136       1691
       136        136       2268
       136        136       2271
       136        136       2593
       136        136       3656
       137        137          9
       137        137        753
       137        137        961
       137        137       1002
       137        137       1691
       137        137       1765
       137        137       2268
       137        137       2271
       137        137       2593
       137        137       3656
       138        138        851
       138        138       1858
       138        138       1905
       138        138       2554
       138        138       2573
       138        138       3777
       138        138       3993
       139        139        202
       139        139       1239
       139        139       2463
       139        139       2826
       139        139       3543
       139        139       3821
       140        140          9
       140        140        202
       140        140        961
       140        140       1239
       140        140       1765
       140        140       2271
       140        140       2463
       140        140       3543
       140        140       3656
       141        141        202
       141        141       1239
       141        141       2463
       141        141       3543
       142        142        851
       142        142       1753
       142        142       1858
       142        142       1905
       142        142       2554
       142        142       2573
       142        142       3777
       142        142       3993
       143        143          9
       143        143        480
       143        143        961
       143        143       1239
       143        143       1765
       143        143       1799
       143        143       1952
       143        143       2079
       143        143       2271
       143        143       2463
       143        143       3656
       144        144        202
       144        144        851
       144        144       1239
       144        144       1753
       144        144       1858
       144        144       1905
       144        144       2463
       144        144       2554
       144        144       2573
       144        144       3543
       144        144       3777
       144        144       3993
       145        145        753
       145        145        851
       145        145       1002
       145        145       1691
       145        145       1753
       145        145       1858
       145        145       1905
       145        145       2268
       145        145       2554
       145        145       2573
       145        145       2593
       145        145       3777
       145        145       3993
       146        146        851
       146        146       1039
       146        146       1239
       146        146       1753
       146        146       1858
       146        146       1905
       146        146       2463
       146        146       2554
       146        146       2573
       146        146       3777
       146        146       3882
       146        146       3993
       147        147        202
       147        147       1239
       147        147       2009
       147        147       2463
       148        148          9
       148        148        753
       148        148        961
       148        148       1002
       148        148       1691
       148        148       1765
       148        148       2268
       148        148       2271
       148        148       2593
       148        148       3656
       149        149          9
       149        149        961
       149        149       1239
       149        149       1765
       149        149       2271
       149        149       2463
       149        149       3543
       149        149       3656
       150        150          9
       150        150        961
       150        150       1765
       150        150       2271
       150        150       3656
       151        151        961
       151        151       1039
       151        151       1239
       151        151       2009
       151        151       2271
       151        151       2463
       151        151       2573
       151        151       2908
       151        151       3656
       151        151       3882
       152        152          9
       152        152        202
       152        152        961
       152        152       1765
       152        152       2271
       152        152       2463
       152        152       3543
       152        152       3656
       153        153        202
       153        153       1239
       153        153       2009
       153        153       2463
       153        153       3543
       154        154        202
       154        154       1239
       154        154       2009
       154        154       2463
       154        154       3543
       155        155        851
       155        155       1753
       155        155       1905
       155        155       2554
       155        155       2573
       155        155       3777
       156        156        202
       156        156        480
       156        156       1239
       156        156       1799
       156        156       1952
       156        156       2079
       156        156       3543
       157        157          9
       157        157        961
       157        157       1765
       157        157       2271
       157        157       3656
       158        158        202
       158        158        753
       158        158       1002
       158        158       1239
       158        158       1691
       158        158       2268
       158        158       2463
       158        158       2593
       159        159          9
       159        159        961
       159        159       1765
       159        159       2271
       159        159       3656
       160        160          9
       160        160        961
       160        160       1765
       160        160       2271
       160        160       3656
       161        161          9
       161        161        753
       161        161        961
       161        161       1765
       161        161       2271
       161        161       2593
       161        161       3656
       162        162          9
       162        162        202
       162        162        961
       162        162       1239
       162        162       1765
       162        162       2271
       162        162       2463
       162        162       3543
       162        162       3656
       163        163        851
       163        163       1753
       163        163       1858
       163        163       1905
       163        163       2554
       163        163       2573
       163        163       3777
       163        163       3993
       164        164          9
       164        164        961
       164        164       1765
       164        164       2271
       164        164       3656
       165        165       1239
       165        165       2463
       165        165       2573
       165        165       2908
       165        165       3882
       166        166          9
       166        166        961
       166        166       1765
       166        166       2009
       166        166       2271
       166        166       3656
       167        167       1039
       167        167       1239
       167        167       2463
       167        167       2573
       167        167       2908
       167        167       3882
       168        168          9
       168        168        961
       168        168       1765
       168        168       2271
       168        168       3656
       169        169       1039
       169        169       1239
       169        169       2463
       169        169       2573
       169        169       2908
       169        169       3882
       170        170        480
       170        170       1799
       170        170       2079
       171        171          9
       171        171        961
       171        171       1765
       171        171       2009
       171        171       2271
       171        171       3656
       172        172          9
       172        172        961
       172        172       1239
       172        172       1557
       172        172       1765
       172        172       2271
       172        172       2463
       172        172       2826
       172        172       3543
       172        172       3656
       172        172       3821
       173        173          9
       173        173        961
       173        173       1765
       173        173       2009
       173        173       2271
       173        173       3656
       174        174       1039
       174        174       1239
       174        174       2463
       174        174       2573
       174        174       2908
       174        174       3882
       175        175        753
       175        175       1002
       175        175       1691
       175        175       2009
       175        175       2268
       175        175       2593
       176        176          9
       176        176        961
       176        176       1765
       176        176       2009
       176        176       2271
       176        176       3656
       177        177          9
       177        177        480
       177        177        961
       177        177       1765
       177        177       1952
       177        177       2079
       177        177       2271
       177        177       3656
       178        178        851
       178        178       1753
       178        178       1858
       178        178       1905
       178        178       2554
       178        178       2573
       178        178       3777
       179        179          9
       179        179        961
       179        179       1765
       179        179       2271
       179        179       3656
       180        180        851
       180        180       1039
       180        180       1753
       180        180       1858
       180        180       1905
       180        180       2554
       180        180       2573
       180        180       2908
       180        180       3777
       180        180       3882
       180        180       3993
       181        181          9
       181        181        202
       181        181        961
       181        181       1239
       181        181       1765
       181        181       2271
       181        181       2463
       181        181       3543
       181        181       3656
       182        182        753
       182        182       1002
       182        182       1691
       182        182       2268
       182        182       2593
       183        183        480
       183        183       1239
       183        183       1799
       183        183       1952
       183        183       3543
       184        184         91
       184        184        851
       184        184       1753
       184        184       1858
       184        184       1905
       184        184       2268
       184        184       2401
       184        184       2541
       184        184       2554
       184        184       2573
       184        184       2930
       184        184       3777
       184        184       3993
       185        185          9
       185        185        202
       185        185        961
       185        185       1239
       185        185       1765
       185        185       2009
       185        185       2271
       185        185       3656
       186        186        202
       186        186       1239
       186        186       2463
       186        186       3543
       187        187          9
       187        187        961
       187        187       1765
       187        187       2271
       187        187       3656
       188        188       1039
       188        188       1239
       188        188       2573
       188        188       2908
       188        188       3882
       189        189          9
       189        189        202
       189        189        961
       189        189       1039
       189        189       1239
       189        189       1765
       189        189       2271
       189        189       2463
       189        189       2573
       189        189       3656
       190        190          9
       190        190        202
       190        190        961
       190        190       1239
       190        190       1765
       190        190       2271
       190        190       2463
       190        190       3543
       190        190       3656
       191        191       1039
       191        191       1239
       191        191       1753
       191        191       1858
       191        191       1905
       191        191       2009
       191        191       2463
       191        191       2554
       191        191       2573
       191        191       2908
       191        191       3777
       191        191       3882
       191        191       3993
       192        192        753
       192        192       1002
       192        192       1039
       192        192       1239
       192        192       1691
       192        192       2268
       192        192       2463
       192        192       2573
       192        192       2593
       192        192       2908
       192        192       3882
       193        193          9
       193        193        753
       193        193        961
       193        193       1002
       193        193       1691
       193        193       1765
       193        193       2268
       193        193       2271
       193        193       2593
       193        193       3656
       194        194          9
       194        194         91
       194        194        753
       194        194        961
       194        194       1002
       194        194       1691
       194        194       1765
       194        194       2268
       194        194       2271
       194        194       2401
       194        194       2541
       194        194       2593
       194        194       2930
       194        194       3656
       195        195        202
       195        195       1239
       195        195       2463
       195        195       3543
       196        196          9
       196        196        202
       196        196       1239
       196        196       1765
       196        196       2271
       196        196       2463
       196        196       3543
       196        196       3656
       197        197          9
       197        197        961
       197        197       1037
       197        197       1765
       197        197       2009
       197        197       2271
       197        197       2320
       197        197       3656
       198        198          9
       198        198        753
       198        198        961
       198        198       1002
       198        198       1691
       198        198       1765
       198        198       2268
       198        198       2271
       198        198       2593
       199        199          9
       199        199        961
       199        199       1765
       199        199       2271
       199        199       3656
       200        200         91
       200        200       1039
       200        200       1239
       200        200       2268
       200        200       2401
       200        200       2463
       200        200       2541
       200        200       2573
       200        200       2908
       200        200       2930
       200        200       3882
       201        201          9
       201        201        202
       201        201        961
       201        201       1039
       201        201       1239
       201        201       1765
       201        201       2271
       201        201       2463
       201        201       2573
       201        201       2908
       201        201       3543
       201        201       3656
       201        201       3882
       202        202       1039
       202        202       1239
       202        202       2463
       202        202       2573
       202        202       2908
       202        202       3882
       203        203          9
       203        203        851
       203        203        961
       203        203       1753
       203        203       1765
       203        203       1858
       203        203       1905
       203        203       2271
       203        203       2554
       203        203       2573
       203        203       3777
       203        203       3993
       204        204          9
       204        204        961
       204        204       1765
       204        204       2271
       204        204       3656
       205        205        851
       205        205       1753
       205        205       1858
       205        205       1905
       205        205       2554
       205        205       2573
       205        205       3777
       205        205       3993
       206        206          9
       206        206        961
       206        206       1239
       206        206       1765
       206        206       2009
       206        206       2271
       206        206       2463
       206        206       2573
       206        206       2908
       206        206       3656
       206        206       3882
       207        207        202
       207        207        851
       207        207       1239
       207        207       1753
       207        207       1858
       207        207       1905
       207        207       2463
       207        207       2554
       207        207       3543
       207        207       3777
       207        207       3993
       208        208          9
       208        208        480
       208        208        961
       208        208       1765
       208        208       1799
       208        208       1952
       208        208       2009
       208        208       2079
       208        208       2271
       208        208       3656
       209        209          9
       209        209        202
       209        209        961
       209        209       1239
       209        209       1765
       209        209       2009
       209        209       2271
       209        209       2463
       209        209       3543
       209        209       3656
       210        210          9
       210        210        753
       210        210        961
       210        210       1002
       210        210       1691
       210        210       1765
       210        210       2009
       210        210       2268
       210        210       2271
       210        210       2593
       210        210       3656
       211        211          9
       211        211        202
       211        211        480
       211        211        961
       211        211       1239
       211        211       1765
       211        211       1799
       211        211       1952
       211        211       2079
       211        211       2271
       211        211       2463
       211        211       3543
       211        211       3656
       212        212          9
       212        212        961
       212        212       1039
       212        212       1239
       212        212       1765
       212        212       2271
       212        212       2463
       212        212       2573
       212        212       2908
       212        212       3656
       212        212       3882
       213        213          9
       213        213        961
       213        213       1039
       213        213       1239
       213        213       1765
       213        213       2271
       213        213       2573
       213        213       2908
       213        213       3656
       213        213       3882
       214        214        851
       214        214       1239
       214        214       1557
       214        214       1753
       214        214       1858
       214        214       1905
       214        214       2463
       214        214       2554
       214        214       2573
       214        214       2826
       214        214       3543
       214        214       3777
       214        214       3821
       215        215       1039
       215        215       1239
       215        215       2463
       215        215       2573
       215        215       2908
       216        216        851
       216        216       1753
       216        216       1858
       216        216       1905
       216        216       2554
       216        216       2573
       216        216       3777
       216        216       3993
       217        217          9
       217        217        753
       217        217        961
       217        217       1002
       217        217       1691
       217        217       1765
       217        217       2268
       217        217       2271
       217        217       2593
       217        217       3656
       218        218        851
       218        218       1753
       218        218       1858
       218        218       1905
       218        218       2009
       218        218       2554
       218        218       2573
       218        218       3777
       218        218       3993
       219        219          9
       219        219        961
       219        219       1765
       219        219       2009
       219        219       2271
       219        219       2320
       219        219       3181
       219        219       3279
       219        219       3532
       219        219       3656
       220        220          9
       220        220        961
       220        220       1765
       220        220       2271
       220        220       3656
       221        221        202
       221        221       1239
       221        221       2009
       221        221       2463
       221        221       3543
       222        222          9
       222        222        851
       222        222        961
       222        222       1753
       222        222       1765
       222        222       1858
       222        222       1905
       222        222       2271
       222        222       2554
       222        222       2573
       222        222       3656
       222        222       3777
       222        222       3993
       223        223          9
       223        223        961
       223        223       1765
       223        223       1799
       223        223       1952
       223        223       2079
       223        223       2271
       223        223       3656
       224        224          9
       224        224        851
       224        224        961
       224        224       1753
       224        224       1765
       224        224       1858
       224        224       1905
       224        224       2271
       224        224       2554
       224        224       2573
       224        224       3656
       224        224       3777
       224        224       3993
       225        225          9
       225        225        202
       225        225        961
       225        225       1239
       225        225       1765
       225        225       2271
       225        225       2463
       225        225       3543
       225        225       3656
       226        226       1039
       226        226       1239
       226        226       2463
       226        226       2573
       226        226       2908
       226        226       3882
       227        227        851
       227        227       1753
       227        227       1858
       227        227       2554
       227        227       3993
       228        228          9
       228        228        961
       228        228       1765
       228        228       2271
       228        228       3656
       229        229       2009
       230        230         91
       230        230        753
       230        230       1002
       230        230       1691
       230        230       2268
       230        230       2401
       230        230       2541
       230        230       2593
       230        230       2930
       231        231          9
       231        231       1765
       231        231       2271
       231        231       3656
       232        232          9
       232        232        961
       232        232       1039
       232        232       1239
       232        232       1765
       232        232       2271
       232        232       2463
       232        232       2573
       232        232       2908
       232        232       3181
       232        232       3279
       232        232       3532
       232        232       3882
       233        233          9
       233        233        753
       233        233        961
       233        233       1002
       233        233       1765
       233        233       2271
       233        233       2463
       233        233       2573
       233        233       3656
       233        233       3882
       234        234          9
       234        234        202
       234        234        753
       234        234        961
       234        234       1002
       234        234       1239
       234        234       1691
       234        234       1765
       234        234       2009
       234        234       2268
       234        234       2271
       234        234       2593
       234        234       3543
       234        234       3656
       235        235          9
       235        235        202
       235        235        961
       235        235       1239
       235        235       1765
       235        235       2271
       235        235       2463
       235        235       3656
       236        236          9
       236        236        202
       236        236        753
       236        236        961
       236        236       1002
       236        236       1239
       236        236       1691
       236        236       1765
       236        236       2009
       236        236       2268
       236        236       2271
       236        236       2463
       236        236       2593
       236        236       3543
       236        236       3656
       237        237          9
       237        237        202
       237        237        961
       237        237       1765
       237        237       2009
       237        237       2271
       237        237       2463
       237        237       3543
       237        237       3656
       238        238        851
       238        238       1753
       238        238       1858
       238        238       1905
       238        238       2554
       238        238       2573
       238        238       3777
       238        238       3993
       239        239          9
       239        239        202
       239        239        961
       239        239       1239
       239        239       1765
       239        239       2271
       239        239       2463
       239        239       3543
       239        239       3656
       240        240          9
       240        240        961
       240        240       1039
       240        240       1239
       240        240       1765
       240        240       2271
       240        240       2463
       240        240       2573
       240        240       2908
       240        240       3656
       240        240       3882
       241        241          9
       241        241        851
       241        241        961
       241        241       1753
       241        241       1765
       241        241       1858
       241        241       1905
       241        241       2271
       241        241       2554
       241        241       2573
       241        241       3656
       241        241       3777
       241        241       3993
       242        242          9
       242        242        753
       242        242        961
       242        242       1002
       242        242       1691
       242        242       1765
       242        242       2268
       242        242       2271
       242        242       2593
       242        242       3656
       243        243        202
       243        243        753
       243        243       1002
       243        243       1239
       243        243       1691
       243        243       1765
       243        243       2268
       243        243       2271
       243        243       2463
       243        243       3543
       244        244          9
       244        244         91
       244        244        961
       244        244       1765
       244        244       2009
       244        244       2268
       244        244       2271
       244        244       2401
       244        244       2930
       244        244       3656
       245        245          9
       245        245        202
       245        245        961
       245        245       1239
       245        245       1765
       245        245       2271
       245        245       2463
       245        245       3543
       245        245       3656
       246        246        753
       246        246       1002
       246        246       1691
       246        246       2009
       246        246       2268
       246        246       2593
       247        247         91
       247        247        961
       247        247       1765
       247        247       2268
       247        247       2271
       247        247       2401
       247        247       2541
       247        247       2930
       247        247       3656
       248        248          9
       248        248        961
       248        248       1765
       248        248       2271
       248        248       3656
       249        249          9
       249        249        202
       249        249        480
       249        249        961
       249        249       1239
       249        249       1765
       249        249       1799
       249        249       1952
       249        249       2079
       249        249       2271
       249        249       2463
       249        249       3543
       249        249       3656
       250        250          9
       250        250        961
       250        250       1765
       250        250       2271
       250        250       3656
       251        251          9
       251        251        961
       251        251       2009
       251        251       2271
       251        251       3656
       252        252          9
       252        252        961
       252        252       1765
       252        252       2271
       252        252       3656
       253        253       1039
       253        253       1239
       253        253       2573
       253        253       2908
       253        253       3882
       254        254        753
       254        254       1002
       254        254       1691
       254        254       2268
       254        254       2593
       255        255        480
       255        255       1039
       255        255       1239
       255        255       1952
       255        255       2009
       255        255       2079
       255        255       2573
       255        255       2908
       255        255       3882
       256        256          9
       256        256        480
       256        256        961
       256        256       1765
       256        256       1799
       256        256       1952
       256        256       2079
       256        256       2271
       256        256       3656
       257        257        851
       257        257       1753
       257        257       1858
       257        257       1905
       257        257       2554
       257        257       2573
       257        257       3777
       257        257       3993
       258        258        851
       258        258       1753
       258        258       1858
       258        258       1905
       258        258       2573
       258        258       3777
       258        258       3993
       259        259        480
       259        259        851
